[0.04566335 0.0453735  0.04554236 0.04559912 0.0455616  0.04537119
 0.04497622 0.04590354 0.04536487 0.04545667 0.0455306  0.04558043
 0.04548263 0.04535044 0.04561309 0.04542855 0.04553639 0.04551988
 0.04539429 0.0453211  0.04512017 0.04531   ]
[0.04632935 0.04509224 0.04525153 0.04573261 0.045556   0.04550146
 0.04458034 0.04707907 0.04529658 0.04539198 0.04562869 0.04584728
 0.04520808 0.04513176 0.04598526 0.04537228 0.0454853  0.04548466
 0.04531777 0.04500841 0.04484524 0.04487411]
[0.04989025 0.04356063 0.0437438  0.04617764 0.04480225 0.04683034
 0.04315743 0.05317395 0.04478229 0.04481372 0.04596933 0.04728259
 0.04373091 0.04397619 0.04780729 0.04480579 0.0454277  0.04466494
 0.04530259 0.04325392 0.04387786 0.04296858]
[0.06293484 0.03801351 0.03829959 0.04650493 0.04069381 0.05225129
 0.03921815 0.07752781 0.04299812 0.04224269 0.04648665 0.0528923
 0.03794005 0.0395802  0.05377453 0.04298538 0.04480195 0.0403087
 0.0460361  0.03717449 0.0407947  0.03654019]
[0.08367092 0.03000005 0.03016562 0.04641848 0.03395521 0.05901169
 0.03364447 0.1130456  0.0421868  0.03785479 0.04629566 0.0628861
 0.02931742 0.03344571 0.061283   0.04075259 0.04301284 0.03352184
 0.04687531 0.02896378 0.03586245 0.02782966]
[0.10150648 0.02463403 0.02414717 0.04812298 0.02931654 0.06028399
 0.02898537 0.13050885 0.04485425 0.03485965 0.04538572 0.07143345
 0.0235333  0.03022255 0.06595465 0.03940144 0.04139921 0.02937922
 0.04727734 0.02417466 0.03198253 0.02263664]
[0.11452536 0.02170267 0.02042231 0.05267898 0.02702504 0.05736646
 0.02527941 0.13453284 0.04932872 0.03360116 0.04390202 0.07632462
 0.02055852 0.02982219 0.06789608 0.03834286 0.04047196 0.02778685
 0.0462111  0.02233019 0.02947835 0.02041231]
[0.12366392 0.02001787 0.01796323 0.05961586 0.02618533 0.05303502
 0.02216498 0.13316022 0.05436898 0.03344329 0.04205995 0.07773648
 0.0192105  0.03127257 0.06762418 0.03764828 0.0397534  0.02777113
 0.04362156 0.02223591 0.02771245 0.01973489]
[0.13013489 0.0187543  0.01599057 0.0679631  0.02612532 0.0494505
 0.01944524 0.12964674 0.05932713 0.03383736 0.04024489 0.07628223
 0.01872606 0.03394003 0.0657396  0.03789872 0.03875048 0.02865934
 0.0400666  0.02327981 0.02602634 0.01971076]
[0.13437478 0.01736774 0.01401722 0.07689788 0.02636661 0.04786304
 0.01692918 0.12481902 0.06408826 0.03433364 0.03869912 0.07306828
 0.01868334 0.03750554 0.06312939 0.03924312 0.0373134  0.03001584
 0.03626609 0.02526948 0.02390834 0.0198407 ]
[0.13645605 0.01560057 0.01188098 0.08583996 0.02655082 0.04845139
 0.01454702 0.11880133 0.06869734 0.03454904 0.03741551 0.06896216
 0.01886492 0.04187695 0.0605301  0.04163659 0.0356334  0.03153889
 0.03282694 0.02830044 0.02114958 0.01988999]
[0.13652873 0.01344709 0.00966831 0.09408601 0.0263687  0.05088417
 0.01233644 0.11195667 0.07321117 0.03410709 0.03619334 0.06411696
 0.01909981 0.04707055 0.05823912 0.04537496 0.03405897 0.03295756
 0.03003055 0.03263091 0.01787324 0.01975965]
[0.13496315 0.01105851 0.00754716 0.10054127 0.02553216 0.05479044
 0.01031896 0.10528007 0.07777559 0.03268399 0.03477426 0.05835839
 0.01912842 0.05306906 0.05625165 0.05091877 0.03286613 0.03399552
 0.02790132 0.03847093 0.01440879 0.01936547]
[0.13230622 0.00867014 0.00566854 0.10401292 0.02388999 0.05985114
 0.00850055 0.09998842 0.08256051 0.03018673 0.03300775 0.05173271
 0.0186465  0.05977464 0.05449779 0.05814238 0.0321813  0.03446209
 0.02640179 0.04576305 0.01112105 0.01863378]
[0.12909463 0.0065156  0.00412642 0.10380627 0.02154382 0.06580651
 0.00690503 0.09685923 0.08764265 0.02685283 0.0309335  0.04463941
 0.01749326 0.06704108 0.0529337  0.06603956 0.03202985 0.03434907
 0.0255208  0.05403509 0.00827414 0.01755755]
[0.12573654 0.00474094 0.00294346 0.10006075 0.01879402 0.07245202
 0.00555836 0.09597164 0.09293771 0.02312359 0.02871393 0.03762343
 0.01576001 0.07468785 0.05151231 0.07329487 0.03241093 0.03380664
 0.02525619 0.06241518 0.00598467 0.01621495]
[0.12252402 0.00338095 0.00208437 0.09358894 0.01598246 0.07957403
 0.00446405 0.09682637 0.09821577 0.01943151 0.0265189  0.03115397
 0.01371234 0.08248933 0.05014964 0.07904522 0.03332709 0.03305174
 0.02557969 0.06990962 0.00424944 0.01474056]
[0.11965409 0.00239191 0.00148433 0.08546199 0.01337055 0.08689745
 0.00360119 0.09865796 0.10321913 0.0160782  0.02447207 0.02552577
 0.0116332  0.09018842 0.0487447  0.08304142 0.03476378 0.03229405
 0.02642082 0.07582827 0.00299482 0.01327589]
[0.11721101 0.00169669 0.00107454 0.07665897 0.01109918 0.09411479
 0.00293543 0.10078362 0.10776761 0.01321501 0.02264944 0.02085355
 0.00971883 0.09752465 0.04722949 0.08540044 0.03665934 0.03168631
 0.02766864 0.0800069  0.00211833 0.01192724]
[0.11518713 0.0012168  0.00079672 0.06789917 0.00920721 0.10095698
 0.00242901 0.1028156  0.11177115 0.01087391 0.02108706 0.01711002
 0.00806037 0.10426224 0.04559988 0.08639243 0.03889643 0.03129784
 0.02918909 0.08268092 0.00151817 0.01075187]
[0.11353816 0.00088737 0.0006076  0.05962162 0.00767133 0.10724363
 0.00204658 0.1046541  0.11520232 0.00901294 0.01978751 0.01417903
 0.00667417 0.11023395 0.04390507 0.08634112 0.04131862 0.03111968
 0.03085025 0.08422744 0.00110983 0.00976769]
[0.11222261 0.00066044 0.00047739 0.05203985 0.00644101 0.11288779
 0.00175796 0.10634519 0.11807983 0.00755685 0.01872909 0.01190875
 0.00553794 0.11538056 0.04221409 0.08557085 0.04376153 0.03109205
 0.0325436  0.08499325 0.00083075 0.00896862]
[0.11121125 0.00050258 0.0003864  0.04521805 0.00546012 0.11787152
 0.00153912 0.10794798 0.12046009 0.00642469 0.01787741 0.01015169
 0.00461527 0.11974896 0.04058754 0.08436829 0.04608428 0.03113778
 0.03419377 0.08523958 0.00063775 0.00833588]
[0.11047953 0.00039128 0.00032178 0.03913793 0.00467727 0.12221918
 0.00137185 0.10947943 0.12242314 0.0055443  0.01719577 0.00878504
 0.00386823 0.12344988 0.03906577 0.08296028 0.0481891  0.03118944
 0.03575669 0.0851468  0.00050212 0.0078452 ]
[0.10999778 0.00031158 0.00027519 0.0337451  0.00404948 0.12598052
 0.00124284 0.11092056 0.12405357 0.00485722 0.01665158 0.0077147
 0.0032628  0.12660749 0.03766912 0.08150864 0.05002495 0.03120429
 0.03721158 0.08483459 0.00040508 0.00747134]
[0.10972651 0.0002536  0.00024113 0.02897572 0.00354244 0.12922163
 0.00114254 0.11224193 0.12542502 0.00431843 0.01621867 0.00687131
 0.0027706  0.12932631 0.03640302 0.08011728 0.05157935 0.0311663
 0.03855226 0.08438086 0.00033433 0.00719075]
[0.10961717 0.00021074 0.00021596 0.02476913 0.0031295  0.13201849
 0.00106414 0.11342253 0.12659293 0.00389409 0.01587707 0.0062041
 0.00236877 0.13168002 0.03526349 0.07884496 0.05286583 0.03107931
 0.03978083 0.0838362  0.00028182 0.00698293]
[0.10961601 0.00017858 0.00019721 0.02107215 0.00279024 0.13445075
 0.00100273 0.11445635 0.1275947  0.00355888 0.01561177 0.00567552
 0.00203925 0.13371489 0.03424152 0.07771865 0.05391251 0.03095705
 0.04090397 0.08323426 0.00024217 0.00683082]
[0.10966909 0.00015411 0.0001832  0.01783908 0.00250909 0.13659516
 0.00095473 0.11535094 0.12845376 0.00329384 0.01541146 0.00525738
 0.00176789 0.13545906 0.03332602 0.07674461 0.05475375 0.03081453
 0.04193107 0.08259882 0.00021176 0.00672065]
[1.09727114e-01 1.35268519e-04 1.72736810e-04 1.50298760e-02
 2.27416464e-03 1.38519443e-01 9.17475309e-04 1.16122867e-01
 1.29184305e-01 3.08463902e-03 1.52673771e-02 4.92810001e-03
 1.54358286e-03 1.36932053e-01 3.25056682e-02 7.59165626e-02
 5.54247701e-02 3.06630298e-02 4.28730983e-02 8.19482041e-02
 1.88096716e-04 6.64156849e-03]
[1.09749433e-01 1.20589268e-04 1.64999477e-04 1.26079488e-02
 2.07633592e-03 1.40277516e-01 8.88902034e-04 1.16793212e-01
 1.29795058e-01 2.92031464e-03 1.51725208e-02 4.67099139e-03
 1.35757368e-03 1.38151964e-01 3.17700253e-02 7.52213942e-02
 5.59585947e-02 3.05084322e-02 4.37416395e-02 8.12978744e-02
 1.69454585e-04 6.58522755e-03]
[1.09706882e-01 1.09038953e-04 1.59379529e-04 1.05383448e-02
 1.90851963e-03 1.41906455e-01 8.67381543e-04 1.17384088e-01
 1.30291647e-01 2.79239689e-03 1.51210155e-02 4.47296086e-03
 1.20287463e-03 1.39139930e-01 3.11099846e-02 7.46429397e-02
 5.63844930e-02 3.03519201e-02 4.45481395e-02 8.06616870e-02
 1.54610178e-04 6.54531017e-03]
[1.09583233e-01 9.98671561e-05 1.55430420e-04 8.78658006e-03
 1.76514163e-03 1.43425763e-01 8.51571652e-04 1.17916278e-01
 1.30677908e-01 2.69424456e-03 1.51076869e-02 4.32362501e-03
 1.07386489e-03 1.39922018e-01 3.05179266e-02 7.41644441e-02
 5.67274479e-02 3.01916561e-02 4.53032180e-02 8.00522936e-02
 1.42687987e-04 6.51711435e-03]
[1.09375372e-01 9.25218876e-05 1.52814264e-04 7.31816757e-03
 1.64174569e-03 1.44838958e-01 8.40337119e-04 1.18407678e-01
 1.30956668e-01 2.62058419e-03 1.51277677e-02 4.21463798e-03
 9.65975644e-04 1.40529082e-01 2.99876218e-02 7.37699400e-02
 5.70081714e-02 3.00245604e-02 4.60162118e-02 7.94809943e-02
 1.33053509e-04 6.49713720e-03]
[1.09092190e-01 8.65910228e-05 1.51268674e-04 6.09870889e-03
 1.53471102e-03 1.46137382e-01 8.32698707e-04 1.18872401e-01
 1.31130460e-01 2.56718173e-03 1.51767388e-02 4.13918649e-03
 8.75464449e-04 1.40995062e-01 2.95139965e-02 7.34448171e-02
 5.72433741e-02 2.98476823e-02 4.66948933e-02 7.89572573e-02
 1.25241435e-04 6.48269265e-03]
[1.08752029e-01 8.17627552e-05 1.50584124e-04 5.09440336e-03
 1.44105500e-03 1.47305643e-01 8.27805251e-04 1.19320490e-01
 1.31202347e-01 2.53061452e-03 1.52502977e-02 4.09161099e-03
 7.99252422e-04 1.41354317e-01 2.90928171e-02 7.31758982e-02
 5.74460975e-02 2.96590456e-02 4.73453172e-02 7.84881218e-02
 1.18905954e-04 6.47158378e-03]
[1.08378689e-01 7.77986748e-05 1.50588644e-04 4.27282129e-03
 1.35830097e-03 1.48327654e-01 8.24920897e-04 1.19758287e-01
 1.31176789e-01 2.50811557e-03 1.53444364e-02 4.06712826e-03
 7.34806377e-04 1.41638721e-01 2.87203469e-02 7.29513550e-02
 5.76260647e-02 2.94580357e-02 4.79717721e-02 7.80777162e-02
 1.13785831e-04 6.46186593e-03]
[1.07996587e-01 7.45152395e-05 1.51137865e-04 3.60377324e-03
 1.28439304e-03 1.49191882e-01 8.23420641e-04 1.20189341e-01
 1.31060280e-01 2.49746476e-03 1.54555744e-02 4.06163692e-03
 6.80050406e-04 1.41875277e-01 2.83930430e-02 7.27607108e-02
 5.77901023e-02 2.92454427e-02 4.85768631e-02 7.77270936e-02
 1.09679917e-04 6.45173107e-03]
[1.07626348e-01 7.17707425e-05 1.52108994e-04 3.06008825e-03
 1.21764024e-03 1.49894573e-01 8.22788012e-04 1.20615524e-01
 1.30861455e-01 2.49690343e-03 1.55806733e-02 4.07158899e-03
 6.33294583e-04 1.42084790e-01 2.81073535e-02 7.25949908e-02
 5.79426986e-02 2.90232491e-02 4.91617501e-02 7.74344674e-02
 1.06430305e-04 6.43951380e-03]
[1.07282150e-01 6.94558052e-05 1.53397451e-04 2.61813316e-03
 1.15667472e-03 1.50440468e-01 8.22610318e-04 1.21037909e-01
 1.30590595e-01 2.50505577e-03 1.57172679e-02 4.09390967e-03
 5.93172627e-04 1.42281725e-01 2.78596418e-02 7.24469124e-02
 5.80866850e-02 2.87942510e-02 4.97265182e-02 7.71957784e-02
 1.03911053e-04 6.42377832e-03]
[1.06971302e-01 6.74861436e-05 1.54914959e-04 2.25798527e-03
 1.10041378e-03 1.50841449e-01 8.22569537e-04 1.21457188e-01
 1.30258740e-01 2.52085134e-03 1.58633981e-02 4.12594728e-03
 5.58585121e-04 1.42474981e-01 2.76462202e-02 7.23109586e-02
 5.82239245e-02 2.85616206e-02 5.02705934e-02 7.70054299e-02
 1.02020691e-04 6.40342144e-03]
[1.06695510e-01 6.57969023e-05 1.56588153e-04 1.96327901e-03
 1.04802156e-03 1.51114101e-01 8.22429523e-04 1.21873695e-01
 1.29876779e-01 2.54345163e-03 1.60174775e-02 4.16543788e-03
 5.28648415e-04 1.42669155e-01 2.74634424e-02 7.21832583e-02
 5.83558639e-02 2.83285206e-02 5.07931096e-02 7.68570211e-02
 1.00677132e-04 6.37773616e-03]
[1.06452792e-01 6.43381762e-05 1.58357175e-04 1.72082714e-03
 9.98870490e-04 1.51277201e-01 8.22021635e-04 1.22287255e-01
 1.29454810e-01 2.57218682e-03 1.61781521e-02 4.21047380e-03
 5.02650480e-04 1.42865884e-01 2.73078056e-02 7.20613108e-02
 5.84838631e-02 2.80978360e-02 5.12931725e-02 7.67439655e-02
 9.98140245e-05 6.34641333e-03]
[1.06239213e-01 6.30714937e-05 1.60174104e-04 1.52013769e-03
 9.52503788e-04 1.51349723e-01 8.21230825e-04 1.22697088e-01
 1.29001818e-01 2.60650549e-03 1.63441880e-02 4.25947078e-03
 4.80014456e-04 1.43065005e-01 2.71760287e-02 7.19436540e-02
 5.86093154e-02 2.78720294e-02 5.17700182e-02 7.66599432e-02
 9.93779693e-05 6.30949014e-03]
[1.06050126e-01 6.19670768e-05 1.62001267e-04 1.35292273e-03
 9.08600612e-04 1.51349555e-01 8.19983398e-04 1.23101827e-01
 1.28525600e-01 2.64593664e-03 1.65144015e-02 4.31113254e-03
 4.60269552e-04 1.43265424e-01 2.70650997e-02 7.18295593e-02
 5.87336301e-02 2.76530902e-02 5.22230909e-02 7.65991870e-02
 9.93262771e-05 6.26726942e-03]
[1.05880913e-01 6.10017239e-05 1.63809546e-04 1.21265453e-03
 8.66944515e-04 1.51292824e-01 8.18236875e-04 1.23499637e-01
 1.28032822e-01 2.69006139e-03 1.66876276e-02 4.36441384e-03
 4.43028278e-04 1.43465690e-01 2.69722941e-02 7.17187880e-02
 5.88581564e-02 2.74425405e-02 5.26520692e-02 7.65566295e-02
 9.96251178e-05 6.22023291e-03]
[1.05727372e-01 6.01571807e-05 1.65576796e-04 1.09419119e-03
 8.27395780e-04 1.51193648e-01 8.15971878e-04 1.23888390e-01
 1.27529128e-01 2.73849186e-03 1.68627145e-02 4.41848376e-03
 4.27968806e-04 1.43664331e-01 2.68951732e-02 7.16114125e-02
 5.89841001e-02 2.72414700e-02 5.30568634e-02 7.65279492e-02
 1.00247973e-04 6.16896358e-03]
[1.05585877e-01 5.94188961e-05 1.67286429e-04 9.93473528e-04
 7.89867869e-04 1.51064134e-01 8.13185828e-04 1.24265844e-01
 1.27019266e-01 2.79085541e-03 1.70385360e-02 4.47269089e-03
 4.14821344e-04 1.43860025e-01 2.68315708e-02 7.15076906e-02
 5.91124619e-02 2.70505853e-02 5.34375988e-02 7.65095507e-02
 1.01174341e-04 6.11408411e-03]
[1.05453404e-01 5.87750768e-05 1.68926191e-04 9.07285377e-04
 7.54308063e-04 1.50914512e-01 8.09888180e-04 1.24629819e-01
 1.26507206e-01 2.84678323e-03 1.72140133e-02 4.52653141e-03
 4.03357603e-04 1.44051673e-01 2.67795741e-02 7.14079786e-02
 5.92440017e-02 2.68702622e-02 5.37945918e-02 7.64985077e-02
 1.02388670e-04 6.05621267e-03]
[1.05327489e-01 5.82159787e-05 1.70487151e-04 8.33066842e-04
 7.20682175e-04 1.50753315e-01 8.06096912e-04 1.24978325e-01
 1.25996243e-01 2.90590272e-03 1.73881414e-02 4.57962068e-03
 3.93382645e-04 1.44238400e-01 2.67375017e-02 7.13126727e-02
 5.93792295e-02 2.67005995e-02 5.41283265e-02 7.64924875e-02
 1.03879465e-04 5.99593420e-03]
[1.05206162e-01 5.77333796e-05 1.71962884e-04 7.68769762e-04
 6.88963124e-04 1.50587572e-01 8.01836024e-04 1.25309662e-01
 1.25489095e-01 2.96783316e-03 1.75600149e-02 4.63166881e-03
 3.84728554e-04 1.44419537e-01 2.67038820e-02 7.12221691e-02
 5.95184162e-02 2.65414693e-02 5.44394315e-02 7.64896705e-02
 1.05638573e-04 5.93378402e-03]
[1.05087861e-01 5.73201943e-05 1.73348836e-04 7.12746256e-04
 6.59122969e-04 1.50422989e-01 7.97133793e-04 1.25622481e-01
 1.24987979e-01 3.03218430e-03 1.77288512e-02 4.68246004e-03
 3.77249513e-04 1.44594590e-01 2.66774326e-02 7.11368363e-02
 5.96616186e-02 2.63925647e-02 5.47286590e-02 7.64886706e-02
 1.07660578e-04 5.87024038e-03]
[1.04971359e-01 5.69701971e-05 1.74641838e-04 6.63662830e-04
 6.31127926e-04 1.50264117e-01 7.92021560e-04 1.25915807e-01
 1.24494685e-01 3.09855760e-03 1.78940083e-02 4.73183593e-03
 3.70817961e-04 1.44763200e-01 2.66570404e-02 7.10569984e-02
 5.98087133e-02 2.62534429e-02 5.49968644e-02 7.64884626e-02
 1.09942327e-04 5.80572315e-03]
[1.04855695e-01 5.66778248e-05 1.75839747e-04 6.20434072e-04
 6.04935819e-04 1.50114500e-01 7.86532883e-04 1.26189035e-01
 1.24010635e-01 3.16654943e-03 1.80549950e-02 4.77968204e-03
 3.65321586e-04 1.44925118e-01 2.66417442e-02 7.09829240e-02
 5.99594342e-02 2.61235646e-02 5.52449870e-02 7.64883165e-02
 1.12482523e-04 5.74059617e-03]
[1.04740117e-01 5.64380388e-05 1.76941196e-04 5.82171353e-04
 5.80495389e-04 1.49976806e-01 7.80702898e-04 1.26441907e-01
 1.23536936e-01 3.23575576e-03 1.82114746e-02 4.82591758e-03
 3.60660961e-04 1.45080175e-01 2.66307175e-02 7.09148215e-02
 6.01134121e-02 2.60023284e-02 5.54740293e-02 7.64877395e-02
 1.15281394e-04 5.67517170e-03]
[1.04624034e-01 5.62462285e-05 1.77945404e-04 5.48142982e-04
 5.57746890e-04 1.49852950e-01 7.74567795e-04 1.26674472e-01
 1.23074433e-01 3.30577778e-03 1.83632593e-02 4.87048777e-03
 3.56747672e-04 1.45228267e-01 2.66232536e-02 7.08528376e-02
 6.02702116e-02 2.58891005e-02 5.56850360e-02 7.64864266e-02
 1.18340412e-04 5.60971574e-03]
[1.04506988e-01 5.60981441e-05 1.78852063e-04 5.17743145e-04
 5.36623501e-04 1.49744199e-01 7.68164354e-04 1.26887041e-01
 1.22623743e-01 3.37622771e-03 1.85102986e-02 4.91335827e-03
 3.53502811e-04 1.45369340e-01 2.66187512e-02 7.07970593e-02
 6.04293643e-02 2.57832391e-02 5.58790732e-02 7.64842183e-02
 1.21662049e-04 5.54445346e-03]
[1.04388617e-01 5.59898487e-05 1.79661249e-04 4.90467560e-04
 5.17053127e-04 1.49651277e-01 7.61529508e-04 1.27080140e-01
 1.22185299e-01 3.44673450e-03 1.86526623e-02 4.95451119e-03
 3.50855759e-04 1.45503376e-01 2.66167023e-02 7.07475176e-02
 6.05903977e-02 2.56841138e-02 5.60572064e-02 7.64810644e-02
 1.25249560e-04 5.47957448e-03]
[1.04268645e-01 5.59176823e-05 1.80373365e-04 4.65894315e-04
 4.98960303e-04 1.49574451e-01 7.54699924e-04 1.27254462e-01
 1.21759377e-01 3.51694878e-03 1.87905189e-02 4.99394230e-03
 3.48743174e-04 1.45630395e-01 2.66166806e-02 7.07041932e-02
 6.07528571e-02 2.55911205e-02 5.62204816e-02 7.64769943e-02
 1.29106794e-04 5.41523759e-03]
[1.04146865e-01 5.58782344e-05 1.80989106e-04 4.43668696e-04
 4.82267979e-04 1.49513615e-01 7.47711603e-04 1.27410832e-01
 1.21346123e-01 3.58654709e-03 1.89241137e-02 5.03165892e-03
 3.47108143e-04 1.45750442e-01 2.66183315e-02 7.06670213e-02
 6.09163228e-02 2.55036912e-02 5.63699067e-02 7.64720925e-02
 1.33238019e-04 5.35157508e-03]
[1.04023127e-01 5.58683214e-05 1.81509425e-04 4.23491112e-04
 4.66899085e-04 1.49468368e-01 7.40599514e-04 1.27550170e-01
 1.20945578e-01 3.65523496e-03 1.90537457e-02 5.06767839e-03
 3.45899459e-04 1.45863588e-01 2.66213640e-02 7.06358982e-02
 6.10804205e-02 2.54213006e-02 5.65064368e-02 7.64664786e-02
 1.37647755e-04 5.28869641e-03]
[1.03897339e-01 5.58849668e-05 1.81935513e-04 4.05107422e-04
 4.52777797e-04 1.49438073e-01 7.33397256e-04 1.27673459e-01
 1.20557695e-01 3.72274900e-03 1.91797474e-02 5.10202670e-03
 3.45070989e-04 1.45969924e-01 2.66255427e-02 7.06106870e-02
 6.12448274e-02 2.53434697e-02 5.66309630e-02 7.64602914e-02
 1.42340627e-04 5.22669156e-03]
[1.03769454e-01 5.59253848e-05 1.82268783e-04 3.88301151e-04
 4.39830523e-04 1.49421919e-01 7.26136775e-04 1.27781727e-01
 1.20182354e-01 3.78885791e-03 1.93024659e-02 5.13473729e-03
 3.44581136e-04 1.46069561e-01 2.66306813e-02 7.05912235e-02
 6.14092734e-02 2.52697659e-02 5.67443042e-02 7.64536763e-02
 1.47321227e-04 5.16563389e-03]
[1.03639472e-01 5.59869643e-05 1.82510848e-04 3.72887181e-04
 4.27986613e-04 1.49418968e-01 7.18848113e-04 1.27876027e-01
 1.19819380e-01 3.85336262e-03 1.94222483e-02 5.16584988e-03
 3.44392351e-04 1.46162624e-01 2.66366370e-02 7.05773211e-02
 6.15735397e-02 2.51998031e-02 5.68472022e-02 7.64467768e-02
 1.52593982e-04 5.10558260e-03]
[1.03507430e-01 5.60672559e-05 1.82663510e-04 3.58706614e-04
 4.17178837e-04 1.49428200e-01 7.11559222e-04 1.27957417e-01
 1.19468550e-01 3.91609566e-03 1.95394301e-02 5.19540941e-03
 3.44470714e-04 1.46249251e-01 2.66433053e-02 7.05687764e-02
 6.17374545e-02 2.51332388e-02 5.69403212e-02 7.64397266e-02
 1.58163035e-04 5.04658493e-03]
[1.03373404e-01 5.61639593e-05 1.82728743e-04 3.45622566e-04
 4.07343675e-04 1.49448544e-01 7.04295814e-04 1.28026954e-01
 1.19129604e-01 3.97691977e-03 1.96543263e-02 5.22346493e-03
 3.44785559e-04 1.46329590e-01 2.66506149e-02 7.05653738e-02
 6.19008882e-02 2.50697717e-02 5.70242479e-02 7.64326463e-02
 1.64032138e-04 4.98867803e-03]
[1.03237498e-01 5.62749128e-05 1.82708681e-04 3.33516702e-04
 3.98421449e-04 1.49478910e-01 6.97081264e-04 1.28085678e-01
 1.18802256e-01 4.03572620e-03 1.97672262e-02 5.25006864e-03
 3.45309148e-04 1.46403797e-01 2.66585233e-02 7.05668896e-02
 6.20637465e-02 2.50091379e-02 5.70994956e-02 7.64256395e-02
 1.70204552e-04 4.93189056e-03]
[1.03099848e-01 5.63980835e-05 1.82605599e-04 3.22286373e-04
 3.90356360e-04 1.49518211e-01 6.89936557e-04 1.28134607e-01
 1.18486197e-01 4.09243247e-03 1.98783897e-02 5.27527491e-03
 3.46016377e-04 1.46472033e-01 2.66670129e-02 7.05730959e-02
 6.22259642e-02 2.49511077e-02 5.71665085e-02 7.64187923e-02
 1.76682962e-04 4.87624411e-03]
[1.02960606e-01 5.65315592e-05 1.82421909e-04 3.11842237e-04
 3.83096423e-04 1.49565384e-01 6.82880273e-04 1.28174726e-01
 1.18181103e-01 4.14698003e-03 1.99880460e-02 5.29913947e-03
 3.46884519e-04 1.46534461e-01 2.66760867e-02 7.05837643e-02
 6.23874994e-02 2.48954823e-02 5.72256680e-02 7.64121724e-02
 1.83469398e-04 4.82175436e-03]
[1.02819946e-01 5.66735414e-05 1.82160139e-04 3.02106274e-04
 3.76593361e-04 1.49619403e-01 6.75928616e-04 1.28206985e-01
 1.17886642e-01 4.19933174e-03 2.00963937e-02 5.32171866e-03
 3.47893001e-04 1.46591250e-01 2.66857645e-02 7.05986686e-02
 6.25483275e-02 2.48420895e-02 5.72772988e-02 7.64058304e-02
 1.90565173e-04 4.76843206e-03]
[1.02678052e-01 5.68223389e-05 1.81822926e-04 2.93010132e-04
 3.70802454e-04 1.49679288e-01 6.69095459e-04 1.28232288e-01
 1.17602474e-01 4.24946932e-03 2.02036019e-02 5.34306877e-03
 3.49023201e-04 1.46642566e-01 2.66960795e-02 7.06175873e-02
 6.27084360e-02 2.47907814e-02 5.73216757e-02 7.63998003e-02
 1.97970833e-04 4.71628392e-03]
[1.02535119e-01 5.69763625e-05 1.81413001e-04 2.84493730e-04
 3.65682369e-04 1.49744119e-01 6.62392440e-04 1.28251494e-01
 1.17328261e-01 4.29739084e-03 2.03098113e-02 5.36324550e-03
 3.50258269e-04 1.46688579e-01 2.67070750e-02 7.06403058e-02
 6.28678207e-02 2.47414309e-02 5.73590303e-02 7.63941018e-02
 2.05686111e-04 4.66531325e-03]
[1.02391347e-01 5.71341212e-05 1.80933180e-04 2.76504091e-04
 3.61194973e-04 1.49813035e-01 6.55829057e-04 1.28265407e-01
 1.17063663e-01 4.34310835e-03 2.04151373e-02 5.38230350e-03
 3.51582974e-04 1.46729460e-01 2.67188015e-02 7.06666179e-02
 6.30264818e-02 2.46939288e-02 5.73895578e-02 7.63887416e-02
 2.13709906e-04 4.61552055e-03]
[1.02246935e-01 5.72942175e-05 1.80386352e-04 2.68994352e-04
 3.57305144e-04 1.49885244e-01 6.49412803e-04 1.28274782e-01
 1.16808346e-01 4.38664566e-03 2.05196713e-02 5.40029603e-03
 3.52983556e-04 1.46765378e-01 2.67313138e-02 7.06963266e-02
 6.31844208e-02 2.46481815e-02 5.74134225e-02 7.63837161e-02
 2.22040268e-04 4.56690401e-03]
[1.02102085e-01 5.74553448e-05 1.79775464e-04 2.61922929e-04
 3.53980586e-04 1.49960019e-01 6.43149296e-04 1.28280312e-01
 1.16561980e-01 4.42803617e-03 2.06234840e-02 5.41727468e-03
 3.54447604e-04 1.46796505e-01 2.67446691e-02 7.07292457e-02
 6.33416387e-02 2.46041086e-02 5.74307640e-02 7.63790130e-02
 2.30674393e-04 4.51945982e-03]
[1.01956992e-01 5.76162843e-05 1.79103515e-04 2.55252811e-04
 3.51191640e-04 1.50036700e-01 6.37042435e-04 1.28282636e-01
 1.16324246e-01 4.46732112e-03 2.07266273e-02 5.43328911e-03
 3.55963944e-04 1.46823012e-01 2.67589243e-02 7.07651995e-02
 6.34981341e-02 2.45616409e-02 5.74417021e-02 7.63746133e-02
 2.39608636e-04 4.47318252e-03]
[1.01811847e-01 5.77759027e-05 1.78373540e-04 2.48950959e-04
 3.48911109e-04 1.50114698e-01 6.31094550e-04 1.28282335e-01
 1.16094830e-01 4.50454781e-03 2.08291366e-02 5.44838698e-03
 3.57522531e-04 1.46845074e-01 2.67741352e-02 7.08040230e-02
 6.36539020e-02 2.45207185e-02 5.74463412e-02 7.63704935e-02
 2.48838535e-04 4.42806523e-03]
[1.01666834e-01 5.79331496e-05 1.77588600e-04 2.42987792e-04
 3.47114085e-04 1.50193485e-01 6.25306563e-04 1.28279929e-01
 1.15873429e-01 4.53976819e-03 2.09310337e-02 5.46261378e-03
 3.59114358e-04 1.46862865e-01 2.67903544e-02 7.08455620e-02
 6.38089328e-02 2.44812892e-02 5.74447749e-02 7.63666267e-02
 2.58358845e-04 4.38409980e-03]
[1.01522128e-01 5.80870558e-05 1.76751773e-04 2.37336756e-04
 3.45777792e-04 1.50272598e-01 6.19678144e-04 1.28275884e-01
 1.15659750e-01 4.57303756e-03 2.10323277e-02 5.47601282e-03
 3.60731370e-04 1.46876561e-01 2.68076307e-02 7.08896727e-02
 6.39632124e-02 2.44433074e-02 5.74370890e-02 7.63629847e-02
 2.68163584e-04 4.34127703e-03]
[1.01377895e-01 5.82367308e-05 1.75866136e-04 2.31973945e-04
 3.44881428e-04 1.50351633e-01 6.14207863e-04 1.28270610e-01
 1.15453511e-01 4.60441352e-03 2.11330179e-02 5.48862523e-03
 3.62366387e-04 1.46886342e-01 2.68260083e-02 7.09362210e-02
 6.41167216e-02 2.44067322e-02 5.74233649e-02 7.63595386e-02
 2.78246085e-04 4.29958672e-03]
[1.01234291e-01 5.83813614e-05 1.74934763e-04 2.26877785e-04
 3.44406030e-04 1.50430244e-01 6.08893341e-04 1.28264463e-01
 1.15254440e-01 4.63395500e-03 2.12330952e-02 5.50048992e-03
 3.64013030e-04 1.46892386e-01 2.68455260e-02 7.09850819e-02
 6.42694362e-02 2.43715271e-02 5.74036820e-02 7.63562606e-02
 2.88599067e-04 4.25901780e-03]
[1.01091460e-01 5.85202093e-05 1.73960704e-04 2.22028757e-04
 3.44334335e-04 1.50508135e-01 6.03731388e-04 1.28257748e-01
 1.15062274e-01 4.66172158e-03 2.13325433e-02 5.51164367e-03
 3.65665653e-04 1.46894874e-01 2.68662170e-02 7.10361387e-02
 6.44213273e-02 2.43376586e-02 5.73781203e-02 7.63531242e-02
 2.99214701e-04 4.21955838e-03]
[1.00949539e-01 5.86526091e-05 1.72946984e-04 2.17409159e-04
 3.44650656e-04 1.50585061e-01 5.98718137e-04 1.28250722e-01
 1.14876762e-01 4.68777281e-03 2.14313406e-02 5.52212115e-03
 3.67319284e-04 1.46893989e-01 2.68881092e-02 7.10892824e-02
 6.45723617e-02 2.43050957e-02 5.73467614e-02 7.63501052e-02
 3.10084692e-04 4.18119584e-03]
[1.00808649e-01 5.87779660e-05 1.71896586e-04 2.13002904e-04
 3.45340771e-04 1.50660820e-01 5.93849168e-04 1.28243598e-01
 1.14697662e-01 4.71216776e-03 2.15294612e-02 5.53195502e-03
 3.68969565e-04 1.46889913e-01 2.69112244e-02 7.11444106e-02
 6.47225022e-02 2.42738093e-02 5.73096910e-02 7.63471819e-02
 3.21200363e-04 4.14391683e-03]
[1.00668905e-01 5.88957541e-05 1.70812443e-04 2.08795335e-04
 3.46391811e-04 1.50735254e-01 5.89119616e-04 1.28236545e-01
 1.14524741e-01 4.73496463e-03 2.16268760e-02 5.54117597e-03
 3.70612701e-04 1.46882830e-01 2.69355792e-02 7.12014268e-02
 6.48717083e-02 2.42437713e-02 5.72669990e-02 7.63443357e-02
 3.32552740e-04 4.10770739e-03]
[1.00530408e-01 5.90055132e-05 1.69697432e-04 2.04773077e-04
 3.47792163e-04 1.50808240e-01 5.84524280e-04 1.28229696e-01
 1.14357776e-01 4.75622045e-03 2.17235537e-02 5.54981288e-03
 3.72245406e-04 1.46872922e-01 2.69611850e-02 7.12602397e-02
 6.50199363e-02 2.42149547e-02 5.72187811e-02 7.63415512e-02
 3.44132643e-04 4.07255291e-03]
[1.00393251e-01 5.91068468e-05 1.68554362e-04 2.00923897e-04
 3.49531380e-04 1.50879687e-01 5.80057707e-04 1.28223147e-01
 1.14196552e-01 4.77599089e-03 2.18194617e-02 5.55789281e-03
 3.73864861e-04 1.46860370e-01 2.69880482e-02 7.13207623e-02
 6.51671404e-02 2.41873330e-02 5.71651390e-02 7.63388161e-02
 3.55930775e-04 4.03843823e-03]
[1.00257515e-01 5.91994194e-05 1.67385969e-04 1.97236582e-04
 3.51600094e-04 1.50949536e-01 5.75714278e-04 1.28216963e-01
 1.14040864e-01 4.79433007e-03 2.19145667e-02 5.56544119e-03
 3.75468668e-04 1.46845356e-01 2.70161707e-02 7.13829113e-02
 6.53132728e-02 2.41608798e-02 5.71061811e-02 7.63361214e-02
 3.67937811e-04 4.00534765e-03]
[1.00123274e-01 5.92829536e-05 1.66194910e-04 1.93700844e-04
 3.53989939e-04 1.51017754e-01 5.71488279e-04 1.28211181e-01
 1.13890511e-01 4.81129049e-03 2.20088353e-02 5.57248183e-03
 3.77054810e-04 1.46828057e-01 2.70455505e-02 7.14466064e-02
 6.54582845e-02 2.41355688e-02 5.70420225e-02 7.63334611e-02
 3.80144487e-04 3.97326494e-03]
[9.99905904e-02 5.93572273e-05 1.64983755e-04 1.90307218e-04
 3.56693478e-04 1.51084328e-01 5.67373959e-04 1.28205812e-01
 1.13745304e-01 4.82692295e-03 2.21022345e-02 5.57903710e-03
 3.78621614e-04 1.46808650e-01 2.70761817e-02 7.15117701e-02
 6.56021257e-02 2.41113736e-02 5.69727848e-02 7.63308320e-02
 3.92541680e-04 3.94217345e-03]
[9.98595198e-02 5.94220705e-05 1.63754984e-04 1.87046986e-04
 3.59704142e-04 1.51149267e-01 5.63365589e-04 1.28200846e-01
 1.13605059e-01 4.84127655e-03 2.21947324e-02 5.58512792e-03
 3.80167715e-04 1.46787308e-01 2.71080552e-02 7.15783268e-02
 6.57447462e-02 2.40882675e-02 5.68985964e-02 7.63282337e-02
 4.05120492e-04 3.91205608e-03]
[9.97301092e-02 5.94773630e-05 1.62510981e-04 1.83912103e-04
 3.63016163e-04 1.51212595e-01 5.59457502e-04 1.28196254e-01
 1.13469597e-01 4.85439867e-03 2.22862981e-02 5.59077395e-03
 3.81692027e-04 1.46764198e-01 2.71411592e-02 7.16462024e-02
 6.58860960e-02 2.40662236e-02 5.68195921e-02 7.63256682e-02
 4.17872318e-04 3.88289533e-03]
[9.96023987e-02 5.95230303e-05 1.61254033e-04 1.80895134e-04
 3.66624524e-04 1.51274352e-01 5.55644132e-04 1.28191989e-01
 1.13338749e-01 4.86633497e-03 2.23769023e-02 5.59599359e-03
 3.83193708e-04 1.46739487e-01 2.71754795e-02 7.17153247e-02
 6.60261259e-02 2.40452146e-02 5.67359125e-02 7.63231396e-02
 4.30788921e-04 3.85467338e-03]
[9.94764214e-02 5.95590415e-05 1.59986328e-04 1.77989197e-04
 3.70524905e-04 1.51334587e-01 5.51920046e-04 1.28187991e-01
 1.13212350e-01 4.87712946e-03 2.24665172e-02 5.60080410e-03
 3.84672138e-04 1.46713334e-01 2.72109998e-02 7.17856222e-02
 6.61647873e-02 2.40252128e-02 5.66477039e-02 7.63206539e-02
 4.43862485e-04 3.82737208e-03]
[9.93522044e-02 5.95854053e-05 1.58709952e-04 1.75187911e-04
 3.74713639e-04 1.51393359e-01 5.48279966e-04 1.28184189e-01
 1.13090240e-01 4.88682450e-03 2.25551169e-02 5.60522170e-03
 3.86126886e-04 1.46685895e-01 2.72477022e-02 7.18570247e-02
 6.63020331e-02 2.40061902e-02 5.65551175e-02 7.63182188e-02
 4.57085675e-04 3.80097302e-03]
[9.92297693e-02 5.96021677e-05 1.57426887e-04 1.72485354e-04
 3.79187669e-04 1.51450735e-01 5.44718790e-04 1.28180501e-01
 1.12972268e-01 4.89546088e-03 2.26426777e-02 5.60926157e-03
 3.87557697e-04 1.46657320e-01 2.72855674e-02 7.19294628e-02
 6.64378177e-02 2.39881185e-02 5.64583091e-02 7.63158433e-02
 4.70451678e-04 3.77545756e-03]
[9.91091328e-02 5.96094083e-05 1.56139013e-04 1.69876019e-04
 3.83944507e-04 1.51506786e-01 5.41231608e-04 1.28176839e-01
 1.12858285e-01 4.90307784e-03 2.27291774e-02 5.61293801e-03
 3.88964459e-04 1.46627753e-01 2.73245752e-02 7.20028680e-02
 6.65720975e-02 2.39709688e-02 5.63574381e-02 7.63135373e-02
 4.83954246e-04 3.75080685e-03]
[9.89903071e-02 5.96072379e-05 1.54848110e-04 1.67354779e-04
 3.88982203e-04 1.51561588e-01 5.37813711e-04 1.28173107e-01
 1.12748148e-01 4.90971314e-03 2.28145960e-02 5.61626440e-03
 3.90347193e-04 1.46597334e-01 2.73647043e-02 7.20771728e-02
 6.67048309e-02 2.39547123e-02 5.62526671e-02 7.63113118e-02
 4.97587724e-04 3.72700191e-03]
[9.88733009e-02 5.95957951e-05 1.53555853e-04 1.64916857e-04
 3.94299308e-04 1.51615218e-01 5.34460597e-04 1.28169206e-01
 1.12641721e-01 4.91540312e-03 2.28989155e-02 5.61925338e-03
 3.91706030e-04 1.46566196e-01 2.74059332e-02 7.21523103e-02
 6.68359786e-02 2.39393199e-02 5.61441613e-02 7.63091783e-02
 5.11347072e-04 3.70402364e-03]
[9.87581195e-02 5.95752438e-05 1.52263820e-04 1.62557794e-04
 3.99894850e-04 1.51667754e-01 5.31167976e-04 1.28165032e-01
 1.12538871e-01 4.92018272e-03 2.29821198e-02 5.62191680e-03
 3.93041194e-04 1.46534465e-01 2.74482398e-02 7.22282150e-02
 6.69655035e-02 2.39247621e-02 5.60320876e-02 7.63071488e-02
 5.25227882e-04 3.68185288e-03]
[9.86447655e-02 5.95457701e-05 1.50973488e-04 1.60273423e-04
 4.05768302e-04 1.51719277e-01 5.27931775e-04 1.28160482e-01
 1.12439470e-01 4.92408558e-03 2.30641945e-02 5.62426582e-03
 3.94352992e-04 1.46502263e-01 2.74916018e-02 7.23048220e-02
 6.70933715e-02 2.39110094e-02 5.59166143e-02 7.63052352e-02
 5.39226388e-04 3.66047041e-03]
[9.85332394e-02 5.95075802e-05 1.49686241e-04 1.58059849e-04
 4.11919561e-04 1.51769863e-01 5.24748133e-04 1.28155448e-01
 1.12343395e-01 4.92714405e-03 2.31451273e-02 5.62631099e-03
 3.95641795e-04 1.46469705e-01 2.75359968e-02 7.23820680e-02
 6.72195507e-02 2.38980325e-02 5.57979100e-02 7.63034499e-02
 5.53339466e-04 3.63985702e-03]
[9.84235395e-02 5.94608975e-05 1.48403369e-04 1.55913424e-04
 4.18348925e-04 1.51819589e-01 5.21613400e-04 1.28149825e-01
 1.12250527e-01 4.92938925e-03 2.32249074e-02 5.62806223e-03
 3.96908032e-04 1.46436900e-01 2.75814024e-02 7.24598908e-02
 6.73440122e-02 2.38858018e-02 5.56761433e-02 7.63018049e-02
 5.67564630e-04 3.61999353e-03]
[9.83156632e-02 5.94059604e-05 1.47126069e-04 1.53830729e-04
 4.25057072e-04 1.51868530e-01 5.18524136e-04 1.28143505e-01
 1.12160752e-01 4.93085111e-03 2.33035256e-02 5.62952892e-03
 3.98152174e-04 1.46403950e-01 2.76277964e-02 7.25382297e-02
 6.74667296e-02 2.38742878e-02 5.55514820e-02 7.63003119e-02
 5.81900026e-04 3.60086085e-03]
[9.82096064e-02 5.93430203e-05 1.45855453e-04 1.51808559e-04
 4.32045041e-04 1.51916757e-01 5.15477103e-04 1.28136384e-01
 1.12073960e-01 4.93155845e-03 2.33809743e-02 5.63071994e-03
 3.99374726e-04 1.46370954e-01 2.76751566e-02 7.26170256e-02
 6.75876794e-02 2.38634612e-02 5.54240929e-02 7.62989825e-02
 5.96344412e-04 3.58243996e-03]
[9.81053647e-02 5.92723391e-05 1.44592547e-04 1.49843905e-04
 4.39314217e-04 1.51964339e-01 5.12469262e-04 1.28128358e-01
 1.11990045e-01 4.93153898e-03 2.34572472e-02 5.63164368e-03
 4.00576221e-04 1.46338002e-01 2.77234610e-02 7.26962211e-02
 6.77068408e-02 2.38532927e-02 5.52941409e-02 7.62978275e-02
 6.10897142e-04 3.56471199e-03]
[9.80029330e-02 5.91941875e-05 1.43338297e-04 1.47933940e-04
 4.46866313e-04 1.52011343e-01 5.09497768e-04 1.28119324e-01
 1.11908905e-01 4.93081936e-03 2.35323394e-02 5.63230812e-03
 4.01757209e-04 1.46305181e-01 2.77726879e-02 7.27757604e-02
 6.78241956e-02 2.38437535e-02 5.51617886e-02 7.62968575e-02
 6.25558145e-04 3.54765823e-03]
[9.79023062e-02 5.91088432e-05 1.42093570e-04 1.46076006e-04
 4.54703356e-04 1.52057831e-01 5.06559957e-04 1.28109184e-01
 1.11830442e-01 4.92942524e-03 2.36062470e-02 5.63272081e-03
 4.02918253e-04 1.46272569e-01 2.78228155e-02 7.28555901e-02
 6.79397284e-02 2.38348146e-02 5.50271962e-02 7.62960822e-02
 6.40327896e-04 3.53126014e-03]
[9.78034796e-02 5.90165894e-05 1.40859160e-04 1.44267606e-04
 4.62827675e-04 1.52103863e-01 5.03653352e-04 1.28097839e-01
 1.11754561e-01 4.92738130e-03 2.36789674e-02 5.63288896e-03
 4.04059922e-04 1.46240243e-01 2.78738226e-02 7.29356584e-02
 6.80534262e-02 2.38264478e-02 5.48905206e-02 7.62955107e-02
 6.55207388e-04 3.51549943e-03]
[9.77064478e-02 5.89177130e-05 1.39635788e-04 1.42506388e-04
 4.71241885e-04 1.52149494e-01 5.00775639e-04 1.28085194e-01
 1.11681173e-01 4.92471130e-03 2.37504988e-02 5.63281942e-03
 4.05182786e-04 1.46208271e-01 2.79256879e-02 7.30159160e-02
 6.81652786e-02 2.38186248e-02 5.47519154e-02 7.62951515e-02
 6.70198100e-04 3.50035801e-03]
[9.76112080e-02 5.88125034e-05 1.38424109e-04 1.40790141e-04
 4.79948880e-04 1.52194777e-01 4.97924681e-04 1.28071157e-01
 1.11610191e-01 4.92143808e-03 2.38208405e-02 5.63251875e-03
 4.06287411e-04 1.46176718e-01 2.79783902e-02 7.30963151e-02
 6.82752778e-02 2.38113178e-02 5.46115307e-02 7.62950123e-02
 6.85301968e-04 3.48581809e-03]
[9.75177544e-02 5.87012513e-05 1.37224713e-04 1.39116778e-04
 4.88951814e-04 1.52239762e-01 4.95098482e-04 1.28055640e-01
 1.11541530e-01 4.91758363e-03 2.38899922e-02 5.63199320e-03
 4.07374356e-04 1.46145644e-01 2.80319085e-02 7.31768117e-02
 6.83834180e-02 2.38044995e-02 5.44695124e-02 7.62950997e-02
 7.00521342e-04 3.47186213e-03]
[9.74260881e-02 5.85842475e-05 1.36038131e-04 1.37484340e-04
 4.98254101e-04 1.52284496e-01 4.92295227e-04 1.28038553e-01
 1.11475111e-01 4.91316914e-03 2.39579548e-02 5.63124881e-03
 4.08444171e-04 1.46115103e-01 2.80862220e-02 7.32573611e-02
 6.84896958e-02 2.37981428e-02 5.43260028e-02 7.62954199e-02
 7.15858967e-04 3.45847291e-03]
[9.73362004e-02 5.84617817e-05 1.34864836e-04 1.35890972e-04
 5.07859389e-04 1.52329022e-01 4.89513198e-04 1.28019818e-01
 1.11410856e-01 4.90821495e-03 2.40247293e-02 5.63029128e-03
 4.09497393e-04 1.46085145e-01 2.81413094e-02 7.33379266e-02
 6.85941098e-02 2.37922211e-02 5.41811392e-02 7.62959781e-02
 7.31317921e-04 3.44563353e-03]
[9.72481020e-02 5.83341423e-05 1.33705244e-04 1.34334941e-04
 5.17771571e-04 1.52373381e-01 4.86750895e-04 1.27999344e-01
 1.11348694e-01 4.90274074e-03 2.40903177e-02 5.62912633e-03
 4.10534541e-04 1.46055817e-01 2.81971502e-02 7.34184633e-02
 6.86966611e-02 2.37867084e-02 5.40350556e-02 7.62967786e-02
 7.46901618e-04 3.43332745e-03]
[9.71617723e-02 5.82016147e-05 1.32559726e-04 1.32814592e-04
 5.27994745e-04 1.52417611e-01 4.84006821e-04 1.27977072e-01
 1.11288550e-01 4.89676534e-03 2.41547219e-02 5.62775904e-03
 4.11556123e-04 1.46027157e-01 2.82537223e-02 7.34989478e-02
 6.87973517e-02 2.37815786e-02 5.38878798e-02 7.62978252e-02
 7.62613709e-04 3.42153840e-03]
[9.70772483e-02 5.80644815e-05 1.31428600e-04 1.31328398e-04
 5.38533247e-04 1.52461748e-01 4.81279819e-04 1.27952897e-01
 1.11230362e-01 4.89030707e-03 2.42179451e-02 5.62619511e-03
 4.12562616e-04 1.45999210e-01 2.83110059e-02 7.35793245e-02
 6.88961868e-02 2.37768071e-02 5.37397381e-02 7.62991200e-02
 7.78458153e-04 3.41025064e-03]
[9.69944679e-02 5.79230213e-05 1.30312143e-04 1.29874867e-04
 5.49391567e-04 1.52505827e-01 4.78568499e-04 1.27926797e-01
 1.11174055e-01 4.88338333e-03 2.42799895e-02 5.62443870e-03
 4.13554499e-04 1.45971998e-01 2.83689769e-02 7.36596025e-02
 6.89931712e-02 2.37723681e-02 5.35907469e-02 7.63006659e-02
 7.94438996e-04 3.39944852e-03]
[9.69135482e-02 5.77775082e-05 1.29210586e-04 1.28452689e-04
 5.60574466e-04 1.52549878e-01 4.75872182e-04 1.27898616e-01
 1.11119584e-01 4.87601132e-03 2.43408594e-02 5.62249624e-03
 4.14532191e-04 1.45945568e-01 2.84276181e-02 7.37396793e-02
 6.90883148e-02 2.37682387e-02 5.34410280e-02 7.63024622e-02
 8.10560661e-04 3.38911729e-03]
[9.68342883e-02 5.76282127e-05 1.28124131e-04 1.27060456e-04
 5.72086749e-04 1.52593935e-01 4.73189292e-04 1.27868440e-01
 1.11066860e-01 4.86820700e-03 2.44005567e-02 5.62036987e-03
 4.15496166e-04 1.45919918e-01 2.84868989e-02 7.38196640e-02
 6.91816221e-02 2.37643931e-02 5.32906805e-02 7.63045122e-02
 8.26827338e-04 3.37924170e-03]
[9.67570622e-02 5.74753975e-05 1.27052922e-04 1.25697154e-04
 5.83933606e-04 1.52638022e-01 4.70520064e-04 1.27835944e-01
 1.11015875e-01 4.85998674e-03 2.44590875e-02 5.61806887e-03
 4.16446724e-04 1.45895119e-01 2.85468113e-02 7.38992805e-02
 6.92731123e-02 2.37608106e-02 5.31398325e-02 7.63068097e-02
 8.43243969e-04 3.36980846e-03]
[9.66812061e-02 5.73193267e-05 1.25997111e-04 1.24361278e-04
 5.96120032e-04 1.52682172e-01 4.67861942e-04 1.27801518e-01
 1.10966490e-01 4.85136501e-03 2.45164526e-02 5.61558975e-03
 4.17384445e-04 1.45871108e-01 2.86073065e-02 7.39789747e-02
 6.93627804e-02 2.37574646e-02 5.29885472e-02 7.63093641e-02
 8.59814411e-04 3.36080197e-03]
[9.66079475e-02 5.71602439e-05 1.24956747e-04 1.23052387e-04
 6.08651713e-04 1.52726405e-01 4.65217383e-04 1.27764327e-01
 1.10918795e-01 4.84235759e-03 2.45726589e-02 5.61295119e-03
 4.18309283e-04 1.45848044e-01 2.86684061e-02 7.40578502e-02
 6.94506709e-02 2.37543370e-02 5.28369935e-02 7.63121527e-02
 8.76544601e-04 3.35221187e-03]
[9.65350541e-02 5.69984192e-05 1.23931972e-04 1.21768325e-04
 6.21533612e-04 1.52770756e-01 4.62580564e-04 1.27725665e-01
 1.10872495e-01 4.83297785e-03 2.46277102e-02 5.61013256e-03
 4.19222372e-04 1.45825693e-01 2.87300052e-02 7.41375343e-02
 6.95367359e-02 2.37514023e-02 5.26851353e-02 7.63152118e-02
 8.93436850e-04 3.34401956e-03]
[9.64666667e-02 5.68340498e-05 1.22922693e-04 1.20510199e-04
 6.34772071e-04 1.52815239e-01 4.59960024e-04 1.27683133e-01
 1.10827960e-01 4.82323977e-03 2.46816018e-02 5.60718269e-03
 4.20122434e-04 1.45804494e-01 2.87922232e-02 7.42149016e-02
 6.96211110e-02 2.37486373e-02 5.25333023e-02 7.63184632e-02
 9.10499906e-04 3.33622257e-03]
[9.63951219e-02 5.66674659e-05 1.21929151e-04 1.19273378e-04
 6.48371753e-04 1.52859884e-01 4.57340024e-04 1.27640780e-01
 1.10784423e-01 4.81315967e-03 2.47343719e-02 5.60402662e-03
 4.21012917e-04 1.45783709e-01 2.88547742e-02 7.42958402e-02
 6.97035734e-02 2.37460381e-02 5.23811367e-02 7.63220451e-02
 9.27730914e-04 3.32879021e-03]
[9.63347592e-02 5.64987063e-05 1.20950948e-04 1.18063842e-04
 6.62339607e-04 1.52904734e-01 4.54746520e-04 1.27591383e-01
